sample_id,split,cls,label,group,domain,date,S_mean,S_median,S_max,S_min,S_p90
a12fa096ea90ca14,test,Noise,Noise,Field Noise,Field,20250213,-2.0044592321428568e-07,-2.0069955e-07,-1.9811185e-07,-2.0225775e-07,-1.99273894e-07
4bd71b8132ae9d8f,test,Noise,Noise,Field Noise,Field,20250213,-2.0103893035714283e-07,-2.01020755e-07,-1.9942253e-07,-2.0336205000000001e-07,-1.99746528e-07
c1da5bf4e043d10b,test,Noise,Noise,Field Noise,Field,20250213,-2.0417951249999992e-07,-2.0347460499999998e-07,-1.9881809999999997e-07,-2.1149994e-07,-2.0005634999999997e-07
a0d05d67380d0b88,test,Noise,Noise,Field Noise,Field,20250213,-2.043356092857143e-07,-2.03725245e-07,-1.9801216e-07,-2.1313852e-07,-1.99807167e-07
9b9b9fbc0ac02af7,val,Noise,Noise,Field Noise,Field,20250214,-2.0036740071428568e-07,-2.0076629500000002e-07,-1.9846503000000003e-07,-2.0159423999999997e-07,-1.9886223399999997e-07
adb11e35086c777b,val,Noise,Noise,Field Noise,Field,20250214,-2.0070356464285717e-07,-2.0045855e-07,-1.9878150000000003e-07,-2.0402316000000002e-07,-1.99115403e-07
bfd1d0200f3fc63b,val,Noise,Noise,Field Noise,Field,20250214,-2.0242800678571429e-07,-2.0206286e-07,-2.0032895e-07,-2.0684094999999997e-07,-2.00797939e-07
248531c2b5f07cde,val,Noise,Noise,Field Noise,Field,20250214,-2.0163324535714287e-07,-2.0159083500000003e-07,-2.0036415999999998e-07,-2.0253318999999998e-07,-2.01112673e-07
c6152ff2f9017add,val,Noise,Noise,Field Noise,Field,20250214,-2.0305345964285717e-07,-2.0287096499999997e-07,-1.9874315000000004e-07,-2.0929309000000003e-07,-1.9962204099999998e-07
d273edeab6b2cec7,val,Noise,Noise,Field Noise,Field,20250214,-2.0127138892857142e-07,-2.01252435e-07,-1.9884524e-07,-2.0396527e-07,-1.9989142599999998e-07
7cdcd1cc47785300,val,Noise,Noise,Field Noise,Field,20250210,-2.2581207964285717e-07,-2.0256497499999998e-07,-2.0221489e-07,-3.2642250000000005e-07,-2.02339092e-07
5b15ca3a75ce29a9,test,Noise,Noise,Field Noise,Field,20250211,-2.1803099464285714e-07,-2.18008255e-07,-2.1724818999999996e-07,-2.1921076000000002e-07,-2.17513575e-07
87747eabc5361536,test,Noise,Noise,Field Noise,Field,20250213,-2.0302532928571425e-07,-2.0232752e-07,-2.0184080999999999e-07,-2.2267030999999998e-07,-2.01999144e-07
fd61450c28cacf4b,test,Noise,Noise,Field Noise,Field,20250213,-2.0213413857142862e-07,-2.0227254e-07,-2.0020715e-07,-2.0276689999999999e-07,-2.01608235e-07
5dcf44d08416fbe9,val,Noise,Noise,Field Noise,Field,20250210,-2.9473882857142853e-07,-2.92135425e-07,-2.5309364e-07,-3.4227303e-07,-2.72874814e-07
0140069b8a6c4c3e,val,Noise,Noise,Field Noise,Field,20250208,-2.2368457714285717e-07,-2.23523465e-07,-2.2216462999999999e-07,-2.2646157000000006e-07,-2.2231608199999997e-07
bae2946024fcc370,val,Noise,Noise,Field Noise,Field,20250208,-2.241783175e-07,-2.2440475999999998e-07,-2.2142006000000004e-07,-2.2596359e-07,-2.2271028399999999e-07
881678f8bc96731d,val,Noise,Noise,Field Noise,Field,20250208,-2.0281020249999997e-07,-2.0254134e-07,-2.0175996999999997e-07,-2.1127592999999998e-07,-2.0254134e-07
0cd7700882ec1d58,val,Noise,Noise,Field Noise,Field,20250208,-2.0285930321428567e-07,-2.0254134e-07,-2.0254134e-07,-2.1045020000000002e-07,-2.0254134e-07
971325881988265a,val,Noise,Noise,Field Noise,Field,20250208,-2.0286116107142855e-07,-2.0254134e-07,-2.0254134e-07,-2.1109488e-07,-2.0254134e-07
58170d9c700de650,val,Noise,Noise,Field Noise,Field,20250208,-2.0280745321428568e-07,-2.0254134e-07,-2.0251008e-07,-2.100359e-07,-2.0254134e-07
ec5991e5ef78dca7,val,Noise,Noise,Field Noise,Field,20250208,-2.0282791714285712e-07,-2.0254134e-07,-2.0254134e-07,-2.1002828e-07,-2.0254134e-07
e708d028d6919aab,val,Noise,Noise,Field Noise,Field,20250208,-2.025440875e-07,-2.0254134e-07,-2.0254134e-07,-2.0260516e-07,-2.0254134e-07
d2e7dfde985af68f,val,Noise,Noise,Field Noise,Field,20250208,-2.0255221178571424e-07,-2.0254134e-07,-2.0253546e-07,-2.0285163000000003e-07,-2.0254134e-07
2d4170be38805480,val,Noise,Noise,Field Noise,Field,20250208,-2.0254015857142855e-07,-2.0254134e-07,-2.0245664000000002e-07,-2.0259296e-07,-2.0254134e-07
8465734dfce1d782,val,Noise,Noise,Field Noise,Field,20250208,-2.0249758821428568e-07,-2.0254134e-07,-2.0138788000000002e-07,-2.0254134e-07,-2.0254134e-07
f43840b34364cf51,val,Noise,Noise,Field Noise,Field,20250208,-2.0254322071428573e-07,-2.0254134e-07,-2.0251471000000002e-07,-2.0262063e-07,-2.0254134e-07
75c25b3a118c5ab8,val,Noise,Noise,Field Noise,Field,20250208,-2.0259289249999997e-07,-2.0254134e-07,-2.0233518000000004e-07,-2.0423417e-07,-2.0254134e-07
80ded34d32a326c8,val,Noise,Noise,Field Noise,Field,20250208,-2.025884239285714e-07,-2.0254134e-07,-2.0244598999999998e-07,-2.0369737e-07,-2.0254134e-07
ad0dd4ad8da3a647,val,Noise,Noise,Field Noise,Field,20250208,-2.0256186821428569e-07,-2.0254134e-07,-2.0235367999999996e-07,-2.0323695e-07,-2.0254104299999998e-07
2aff8dc533d9dd4a,val,Noise,Noise,Field Noise,Field,20250208,-2.0254860249999998e-07,-2.0254134e-07,-2.0250144e-07,-2.0264767e-07,-2.0254134e-07
58f1f3fc4490dc14,val,Noise,Noise,Field Noise,Field,20250208,-2.024887621428571e-07,-2.0254134e-07,-2.0126632e-07,-2.0255948e-07,-2.02515387e-07
f45b13cc0bba8edd,val,Noise,Noise,Field Noise,Field,20250210,-2.0252255392857142e-07,-2.0254134e-07,-2.0184608999999998e-07,-2.026308e-07,-2.0254134e-07
1d20aafe2b86518f,val,Noise,Noise,Field Noise,Field,20250210,-2.0243026285714283e-07,-2.0254134e-07,-1.994508e-07,-2.0254134e-07,-2.0254134e-07
b9e67fbcc69c4c00,val,Noise,Noise,Field Noise,Field,20250210,-2.024838689285714e-07,-2.0254134e-07,-2.0094237000000002e-07,-2.0254134e-07,-2.0254134e-07
59a3b2a37d8e00ab,val,Noise,Noise,Field Noise,Field,20250210,-2.0244409821428567e-07,-2.0254134e-07,-1.9983141e-07,-2.0254134e-07,-2.0254134e-07
7ff287f8d10a1fd3,val,Noise,Noise,Field Noise,Field,20250210,-2.024213492857143e-07,-2.0254134e-07,-1.9913884e-07,-2.0260791999999996e-07,-2.0254134e-07
b8d1f54efa0ef837,val,Noise,Noise,Field Noise,Field,20250210,-2.025398932142857e-07,-2.0254134e-07,-2.024868e-07,-2.0255536999999997e-07,-2.0254134e-07
e8e87513903b7eb8,val,Noise,Noise,Field Noise,Field,20250210,-2.0253973071428566e-07,-2.0254134e-07,-2.0248149999999999e-07,-2.0255612000000004e-07,-2.0254134e-07
86dcfec37f4e040f,val,Noise,Noise,Field Noise,Field,20250210,-2.0253758857142854e-07,-2.0254134e-07,-2.0243630000000003e-07,-2.0254134e-07,-2.0254134e-07
751e00be4fb58617,val,Noise,Noise,Field Noise,Field,20250210,-2.025367996428571e-07,-2.0254134e-07,-2.0240088000000003e-07,-2.0255466999999997e-07,-2.0254134e-07
c7cb9f5350a8ea05,val,Noise,Noise,Field Noise,Field,20250210,-2.0254047535714283e-07,-2.0254134e-07,-2.025038e-07,-2.0255466999999997e-07,-2.0254134e-07
ea9a1bd4a6ff42bb,test,Noise,Noise,Field Noise,Field,20250211,-2.0248133428571426e-07,-2.0254134e-07,-2.0080003999999998e-07,-2.0260248000000002e-07,-2.0254134e-07
37272aff09615ecc,test,Noise,Noise,Field Noise,Field,20250211,-2.0250749107142855e-07,-2.0254134e-07,-2.0171113999999998e-07,-2.0254134e-07,-2.0254134e-07
1faf2ca8e4c5418e,test,Noise,Noise,Field Noise,Field,20250211,-2.02523875e-07,-2.0254134e-07,-2.0211401999999997e-07,-2.0254134e-07,-2.0254134e-07
96718409ccac099f,test,Noise,Noise,Field Noise,Field,20250211,-2.024837982142857e-07,-2.0254134e-07,-2.0109836999999998e-07,-2.0254134e-07,-2.0254134e-07
e2475bfd8cf0c0cc,test,Noise,Noise,Field Noise,Field,20250211,-2.0249653857142853e-07,-2.0254134e-07,-2.0106437999999998e-07,-2.0276386000000002e-07,-2.0254134e-07
024cdb882b83a2c3,test,Noise,Noise,Field Noise,Field,20250213,-2.0248313464285712e-07,-2.0254134e-07,-2.0073327000000003e-07,-2.0273114000000002e-07,-2.0254134e-07
7988bbb4fd7e5cb6,test,Noise,Noise,Field Noise,Field,20250213,-2.0239872964285712e-07,-2.0254134e-07,-1.9819648e-07,-2.0270392000000001e-07,-2.0254134e-07
b16da765cec4678f,test,Noise,Noise,Field Noise,Field,20250213,-2.024898525e-07,-2.0254134e-07,-2.0103108999999998e-07,-2.0271182000000003e-07,-2.0254134e-07
31b5860d5bc8b3f7,test,Noise,Noise,Field Noise,Field,20250213,-2.0261431214285712e-07,-2.0254134e-07,-2.0254134e-07,-2.0445396999999996e-07,-2.0254134e-07
e5cd496f4332924c,test,Noise,Noise,Field Noise,Field,20250213,-2.0251236928571424e-07,-2.0254134e-07,-2.0152608999999998e-07,-2.0267445e-07,-2.0254134e-07
953db545133bb954,val,Noise,Noise,Field Noise,Field,20250208,-2.186431189285714e-07,-2.0254134e-07,-2.0175805e-07,-3.4105341000000003e-07,-2.0254134e-07
afab1c67c2712a14,val,Noise,Noise,Field Noise,Field,20250210,-2.0396481285714283e-07,-2.0254134e-07,-2.0233978000000005e-07,-2.1809863999999996e-07,-2.0254134e-07
589dd62c9fa95b32,test,Noise,Noise,Field Noise,Field,20250213,-2.3158068999999995e-07,-2.32048375e-07,-2.1417271e-07,-2.5194460000000003e-07,-2.18854131e-07
4a8764757979c52e,test,Noise,Noise,Field Noise,Field,20250213,-2.344888835714286e-07,-2.35227045e-07,-2.1648083000000004e-07,-2.5171962e-07,-2.20031118e-07
2c1f324981b5fc3e,test,Noise,Noise,Field Noise,Field,20250213,-2.2777466821428573e-07,-2.2755748999999998e-07,-1.9551048999999996e-07,-2.8633013e-07,-2.0283434499999998e-07
f4abbfba1bc5e6c3,test,Noise,Noise,Field Noise,Field,20250213,-2.2168468392857141e-07,-2.2051025999999994e-07,-1.9956496000000001e-07,-2.4812770000000006e-07,-2.09846186e-07
257eb7545b5a8dbc,test,Noise,Noise,Field Noise,Field,20250217,-2.0507873178571426e-07,-2.0254134e-07,-2.0085724e-07,-2.5607105e-07,-2.0254134e-07
78f3ca905ce2cc4c,test,Noise,Noise,Field Noise,Field,20250217,-2.024365339285714e-07,-2.0254134e-07,-2.0097763000000002e-07,-2.0615590000000004e-07,-2.0146856900000001e-07
42fcace35e22c023,test,Noise,Noise,Field Noise,Field,20250205,-2.0462421000000001e-07,-2.06915865e-07,-1.3171674e-07,-2.2622489999999996e-07,-1.98781469e-07
651a7756ec8266eb,test,Noise,Noise,Field Noise,Field,20250205,-2.0878424499999996e-07,-2.1148806999999998e-07,-1.1553198000000006e-07,-2.4227965e-07,-2.04166587e-07
dd640a1d4fc62b39,test,Noise,Noise,Field Noise,Field,20250205,-1.9780515392857145e-07,-2.0476139999999998e-07,2.302039999999992e-08,-2.1836476e-07,-2.0070802700000002e-07
d1fa1b50eeda20a2,test,Noise,Noise,Field Noise,Field,20250205,-2.078670535714286e-07,-2.07515255e-07,-1.9082827e-07,-2.3953512e-07,-1.9880107800000003e-07
38343be2c3a11b15,test,Noise,Noise,Field Noise,Field,20250205,-2.0719961500000004e-07,-2.0599351499999997e-07,-1.9354233e-07,-2.255704e-07,-2.01285878e-07
fe661ebe7632adc4,test,Noise,Noise,Field Noise,Field,20250205,-2.075568307142857e-07,-2.08114055e-07,-1.9843065000000004e-07,-2.1741222e-07,-2.01558314e-07
80ba043519f7c4f4,test,Noise,Noise,Field Noise,Field,20250206,-7.631291499999999e-08,-1.2934401999999994e-07,1.200765e-07,-1.6373266e-07,6.7878709999999946e-09
bc9fbbdaa7376a05,test,Noise,Noise,Field Noise,Field,20250206,-4.6938640714285704e-08,-4.431798000000005e-08,-1.9425099999999757e-09,-8.088174000000009e-08,-3.2738821999999956e-08
31a37eaa38c9e393,test,Noise,Noise,Field Noise,Field,20250206,-3.016326857142855e-08,-3.200237999999997e-08,2.3518400000000008e-08,-5.867060000000004e-08,-1.552176900000001e-08
8dce958239dc022f,test,Noise,Noise,Field Noise,Field,20250206,-2.0308342714285714e-07,-2.0254134e-07,-2.0197424000000003e-07,-2.1330476000000005e-07,-2.02443795e-07
d21f135faa9f9d16,test,Noise,Noise,Field Noise,Field,20250206,-2.0416428821428572e-07,-2.0254134e-07,-2.0193051e-07,-2.3729517999999997e-07,-2.0254134e-07
6e1415f46570bb06,test,Noise,Noise,Field Noise,Field,20250206,-2.0430743857142855e-07,-2.0254134e-07,-2.0221268e-07,-2.4110243999999997e-07,-2.0254134e-07
df12f4dfd836a699,test,Noise,Noise,Field Noise,Field,20250206,-2.0406617607142857e-07,-2.0254134e-07,-2.0169397999999999e-07,-2.3838710000000002e-07,-2.0254134e-07
58cb2776f8413d7d,test,Noise,Noise,Field Noise,Field,20250206,-2.0303469071428566e-07,-2.0254134e-07,-2.0013867999999997e-07,-2.1212453999999997e-07,-2.02508556e-07
9407133636936564,test,Noise,Noise,Field Noise,Field,20250206,-2.0751584785714283e-07,-2.0254134e-07,-2.003847e-07,-3.4564023e-07,-2.02538664e-07
bcc2c33abbad34bd,test,Noise,Noise,Field Noise,Field,20250206,-2.055229039285714e-07,-2.0254134e-07,-2.0078059e-07,-2.8856534e-07,-2.02523658e-07
496798b8a8ead9a4,test,Noise,Noise,Field Noise,Field,20250206,-2.05188435e-07,-2.0254134e-07,-2.0028969e-07,-2.7926015999999997e-07,-2.02518027e-07
2f7468dacaa7a2ef,test,Noise,Noise,Field Noise,Field,20250206,-2.073079182142857e-07,-2.0254134e-07,-2.0198078000000004e-07,-3.3661026e-07,-2.0254134e-07
a149a7adcda57aba,test,Noise,Noise,Field Noise,Field,20250206,-2.0625335785714283e-07,-2.0254134e-07,-2.0227866e-07,-3.0684061999999993e-07,-2.0254134e-07
7c5c3b275f24634e,test,Noise,Noise,Field Noise,Field,20250206,-2.0261750392857137e-07,-2.0254134e-07,-1.9729667999999997e-07,-2.0896168e-07,-2.0248030000000003e-07
af88c1582bda2654,test,Noise,Noise,Field Noise,Field,20250206,-2.024690325e-07,-2.0254134e-07,-1.9897552999999998e-07,-2.0463451999999998e-07,-2.0227192199999998e-07
47694a3c9e2347eb,test,Noise,Noise,Field Noise,Field,20250206,-2.0246180035714286e-07,-2.0254134e-07,-2.0060207000000003e-07,-2.0521433e-07,-2.0154342699999998e-07
891879b0ad156991,test,Noise,Noise,Field Noise,Field,20250206,-2.024265775e-07,-2.0254134e-07,-2.0073429000000002e-07,-2.0462781e-07,-2.01765512e-07
946c724c0111f24e,test,Noise,Noise,Field Noise,Field,20250206,-2.025875189285714e-07,-2.0254134e-07,-2.0163892999999998e-07,-2.0497455999999999e-07,-2.0228661e-07
4900eba010a76395,test,Noise,Noise,Field Noise,Field,20250206,-2.0257534357142854e-07,-2.0254134e-07,-2.0254134e-07,-2.0316510999999998e-07,-2.0254134e-07
2ad34cc162187c6e,test,Noise,Noise,Field Noise,Field,20250206,-2.0253340999999998e-07,-2.0254134e-07,-2.0221840999999997e-07,-2.0264223e-07,-2.0254134e-07
645a172946775d89,test,Noise,Noise,Field Noise,Field,20250206,-2.026259889285714e-07,-2.0254134e-07,-2.0254134e-07,-2.0349905000000004e-07,-2.0254134e-07
408ccf82bb98ef4c,test,Noise,Noise,Field Noise,Field,20250206,-2.0278667357142855e-07,-2.0254134e-07,-2.0179277e-07,-2.0951285e-07,-2.0254134e-07
3b06970b18ad4091,test,Noise,Noise,Field Noise,Field,20250206,-2.027040582142857e-07,-2.0254134e-07,-2.0254134e-07,-2.0678539000000002e-07,-2.0254134e-07
cc305a65eabb0f01,test,Noise,Noise,Field Noise,Field,20250213,-2.1223046214285713e-07,-2.12815735e-07,-1.9831444999999998e-07,-2.2961242999999998e-07,-2.04135293e-07
805301343e588c7f,test,Noise,Noise,Field Noise,Field,20250213,-2.1896637178571427e-07,-2.2054482e-07,-1.9185390000000003e-07,-2.5385105e-07,-2.0465494999999995e-07
c70263d595801d6a,test,Noise,Noise,Field Noise,Field,20250213,-2.2299366535714283e-07,-2.2288709999999997e-07,-2.1515316e-07,-2.3622917999999998e-07,-2.1735186e-07
33a18ecef525143b,test,Noise,Noise,Field Noise,Field,20250213,-2.4689651642857144e-07,-2.14023265e-07,-1.8775469999999992e-07,-7.813625000000002e-07,-1.97872007e-07
837c358e948b88e8,test,Noise,Noise,Field Noise,Field,20250213,-2.0890800357142856e-07,-2.0975388e-07,1.7778340000000015e-07,-5.447261000000001e-07,-1.9198845699999998e-07
aae5923839eb1c3b,val,Noise,Noise,Field Noise,Field,20250214,-2.6192733392857144e-07,-2.5222439499999997e-07,-2.2420805999999997e-07,-4.1786113e-07,-2.3577009799999998e-07
c5ad980dcc370f0c,val,Noise,Noise,Field Noise,Field,20250214,-2.3301335285714282e-07,-2.3313200500000002e-07,-2.1944997000000002e-07,-2.5752424999999995e-07,-2.2424026e-07
db5a40cc7a70475a,test,Noise,Noise,Field Noise,Field,20250216,-2.238365357142857e-07,-2.1637376499999997e-07,-1.9657742e-07,-3.5012858e-07,-2.1011033500000002e-07
046ede97f504cf9d,test,Noise,Noise,Field Noise,Field,20250216,-2.2610899071428573e-07,-2.19186375e-07,-2.0988714000000004e-07,-3.2521789999999995e-07,-2.12341398e-07
b5141a1f4232bc99,test,Noise,Noise,Field Noise,Field,20250216,-2.1974732857142856e-07,-2.1672146999999998e-07,-2.0927519e-07,-2.4392699e-07,-2.13813963e-07
09a2b449dcf8c31d,test,Noise,Noise,Field Noise,Field,20250217,-2.0848501535714287e-07,-2.0510042000000002e-07,-1.9048341000000003e-07,-2.4888157e-07,-1.9912176199999998e-07
6a5f0ee457ce19df,test,Noise,Noise,Field Noise,Field,20250217,-2.075100817857143e-07,-2.0600963500000003e-07,-1.8857034000000002e-07,-2.3061523000000004e-07,-1.98179813e-07
e91d0792f1fa8de9,test,Noise,Noise,Field Noise,Field,20250217,-2.089449767857143e-07,-2.05122175e-07,-1.9452107999999997e-07,-2.2852384e-07,-2.0193211800000002e-07
669ed7b4e538c917,test,Noise,Noise,Field Noise,Field,20250217,-2.0793070607142857e-07,-2.0426776000000002e-07,-1.922221e-07,-2.468986e-07,-1.9966756e-07
59cfb38d28da6696,test,Noise,Noise,Field Noise,Field,20250217,-2.082677439285714e-07,-2.05749625e-07,-1.8512562e-07,-2.3944335e-07,-2.0060685500000002e-07
d65cdfcd2ad3ed24,test,Noise,Noise,Field Noise,Field,20250217,-2.1400517464285712e-07,-2.1208573499999998e-07,-1.9703281999999997e-07,-2.4765292e-07,-2.03053953e-07
2a7da90dbdaff44f,test,Noise,Noise,Field Noise,Field,20250217,-2.1188135535714285e-07,-2.0782761000000001e-07,-2.0197197e-07,-2.4297315e-07,-2.0322658699999998e-07
f08262fd6a80e0b6,test,Noise,Noise,Field Noise,Field,20250217,-2.113318582142857e-07,-2.0867186e-07,-2.0120632000000003e-07,-2.3029834999999993e-07,-2.02897602e-07
44cbf0c3ea019f72,test,Noise,Noise,Field Noise,Field,20250217,-2.0976766964285716e-07,-2.0887169499999997e-07,-1.9694969000000001e-07,-2.2654264000000006e-07,-2.00676012e-07
3d621cbe15953fc5,test,Noise,Noise,Field Noise,Field,20250217,-2.086053392857143e-07,-2.07008295e-07,-1.8874225999999997e-07,-2.2535501999999994e-07,-1.9925212799999998e-07
7b5ec5d765e743a1,test,Noise,Noise,Field Noise,Field,20250217,-2.4489264464285716e-07,-2.2454994e-07,-1.9281232e-07,-5.499707999999998e-07,-2.0153883e-07
e00b270191345b3e,test,Noise,Noise,Field Noise,Field,20250217,-2.441003807142857e-07,-2.1783154999999997e-07,-1.8760318e-07,-5.674730000000002e-07,-1.99850473e-07
3af13d6d1dc3fbfd,test,Noise,Noise,Field Noise,Field,20250217,-2.3693419857142852e-07,-2.1540177499999996e-07,-1.8024783e-07,-4.684224999999999e-07,-1.97720314e-07
49dbb7fa94387772,test,Noise,Noise,Field Noise,Field,20250217,-2.419605110714286e-07,-2.1625523e-07,-1.8467354e-07,-7.675555000000002e-07,-1.97718114e-07
a91e67050752f478,test,Noise,Noise,Field Noise,Field,20250217,-2.3650747714285716e-07,-2.1642995e-07,-1.8857213e-07,-6.856321000000002e-07,-1.94674928e-07
726401204f801a13,test,Noise,Noise,Field Noise,Field,20250217,-2.1750002892857144e-07,-2.1070277999999997e-07,-1.9711375999999998e-07,-3.7134439999999996e-07,-2.02017605e-07
7fcdc97cf2021de9,test,Noise,Noise,Field Noise,Field,20250217,-2.1763950071428573e-07,-2.0791461e-07,-1.9981223000000003e-07,-3.7079019999999993e-07,-2.01730786e-07
3a5d596a1c29021f,test,Noise,Noise,Field Noise,Field,20250217,-2.1068551071428566e-07,-2.0726199999999997e-07,-1.9462327999999997e-07,-2.5720680000000005e-07,-2.0111120800000002e-07
956f17d14e388d78,test,Noise,Noise,Field Noise,Field,20250217,-2.1103594500000005e-07,-2.0700657500000002e-07,-1.9306165e-07,-2.6558516e-07,-2.0001732300000002e-07
a1f1562413e0dc97,test,Noise,Noise,Field Noise,Field,20250217,-2.1117028357142857e-07,-2.0676280500000002e-07,-1.9666191e-07,-3.3399775e-07,-1.9868797400000002e-07
4f3a6d8354141c6e,test,Noise,Noise,Field Noise,Field,20250217,-2.1359894285714287e-07,-2.0832391e-07,-1.8492374e-07,-2.7102811999999997e-07,-1.98501733e-07
f79fd8c7becdccee,test,Noise,Noise,Field Noise,Field,20250217,-2.1394886892857147e-07,-2.0804903000000002e-07,-1.7422098999999997e-07,-2.997172e-07,-1.9612932299999998e-07
77d7efb8e24fbc5c,test,Noise,Noise,Field Noise,Field,20250217,-2.1106634071428571e-07,-2.08256885e-07,-1.7652511e-07,-2.6269535e-07,-2.01196589e-07
c2e9bf439276b8a8,test,Noise,Noise,Field Noise,Field,20250217,-2.1085227607142858e-07,-2.07736315e-07,-1.6665729e-07,-2.5671206999999997e-07,-2.0227342500000003e-07
763bc4e64bde8ab8,test,Noise,Noise,Field Noise,Field,20250217,-2.1288748392857143e-07,-2.0502536500000002e-07,-1.7123022999999997e-07,-3.008154e-07,-1.98844523e-07
3fadd4430948ee99,test,Noise,Noise,Field Noise,Field,20250217,-2.0370742285714288e-07,-2.0233282000000002e-07,-1.9559402e-07,-2.3818254000000003e-07,-1.9829265900000002e-07
0c9ec1c3341e3b3a,test,Noise,Noise,Field Noise,Field,20250217,-2.00590845e-07,-2.00988855e-07,-1.758421e-07,-2.213772e-07,-1.94414883e-07
ced6ef8a2cfb2376,test,Noise,Noise,Field Noise,Field,20250217,-2.0244440357142859e-07,-2.03004565e-07,-1.6760841e-07,-2.1222174999999997e-07,-1.99042868e-07
a9fc160fd638a0b9,test,Noise,Noise,Field Noise,Field,20250217,-1.556763217857143e-07,-2.0289125499999999e-07,1.1341006000000003e-06,-2.2447556999999998e-07,-1.93708713e-07
e7981fd497a55cb3,test,Noise,Noise,Field Noise,Field,20250217,-2.0259863821428574e-07,-2.0121536000000003e-07,-1.9631494999999995e-07,-2.1861161e-07,-1.9794141499999998e-07
3619a430ccc2c3c8,test,Noise,Noise,Field Noise,Field,20250211,-2.0604188250000004e-07,-2.05741655e-07,-2.0185624e-07,-2.1209904e-07,-2.0309759199999999e-07
da8cb6888b679c9d,test,Noise,Noise,Field Noise,Field,20250211,-2.0651858178571429e-07,-2.06874065e-07,-2.0160956e-07,-2.1115101999999998e-07,-2.02413767e-07
0ce0679a25c67faf,test,Noise,Noise,Field Noise,Field,20250211,-2.0732965321428565e-07,-2.0672472499999998e-07,-2.0259732999999998e-07,-2.1356015000000003e-07,-2.04536133e-07
5f4d1bdd9fcebcdb,test,Noise,Noise,Field Noise,Field,20250211,-2.0613025892857145e-07,-2.06044775e-07,-2.0126200000000005e-07,-2.131191e-07,-2.03107301e-07
450d6b71024d10ab,test,Noise,Noise,Field Noise,Field,20250213,-3.763575960714285e-07,-2.1026523e-07,-1.1348630000000002e-07,-4.972239999999999e-06,-2.0558227299999998e-07
8480390b29cf8a5e,test,Noise,Noise,Field Noise,Field,20250213,-3.1682754321428567e-07,-2.3068613000000003e-07,1.0756160000000008e-07,-2.3143334e-06,-9.592835999999997e-08
c366fc20cb24b5db,test,Noise,Noise,Field Noise,Field,20250213,-1.5865354428571427e-07,-2.3965342500000004e-07,1.3705313000000003e-06,-8.416358999999999e-07,-1.2312617600000002e-07
bc02290394c39b16,test,Noise,Noise,Field Noise,Field,20250213,-1.4836449071428567e-07,-2.3722013999999998e-07,1.9086106e-06,-6.662772000000002e-07,-2.1486592100000002e-07
2752b3641a535ab7,test,Noise,Noise,Field Noise,Field,20250205,-2.213944264285714e-07,-2.2113683999999998e-07,-2.1044622000000003e-07,-2.3492712000000003e-07,-2.13250339e-07
5aa12174d7022660,test,Noise,Noise,Field Noise,Field,20250205,-2.233251092857143e-07,-2.2350956000000004e-07,-2.0315306e-07,-2.4697685e-07,-2.1189997899999996e-07
0795643c81579511,test,Noise,Noise,Field Noise,Field,20250205,-2.1935533321428574e-07,-2.1833848e-07,-2.1039711000000003e-07,-2.3813697e-07,-2.1218361899999998e-07
0e983cce5500899f,test,Noise,Noise,Field Noise,Field,20250205,-2.0243062142857146e-07,-2.02450705e-07,-2.0170226e-07,-2.0335218999999998e-07,-2.01963435e-07
621562a53fc51df5,test,Noise,Noise,Field Noise,Field,20250205,-2.0249565e-07,-2.02507325e-07,-2.0190064000000002e-07,-2.0285978e-07,-2.02266914e-07
f8a790272ca32e63,test,Noise,Noise,Field Noise,Field,20250205,-2.025331392857143e-07,-2.0255318e-07,-2.0203358000000003e-07,-2.030103e-07,-2.0219379e-07
fa9669af1246fa85,test,Noise,Noise,Field Noise,Field,20250205,-2.0252645535714287e-07,-2.02530985e-07,-2.0237516e-07,-2.0268263000000002e-07,-2.02391475e-07
eebeade9522092dd,test,Noise,Noise,Field Noise,Field,20250205,-2.0250924e-07,-2.02493315e-07,-2.023489e-07,-2.0270233000000002e-07,-2.02433965e-07
de75f25972fc0416,test,Noise,Noise,Field Noise,Field,20250205,-2.025402167857143e-07,-2.02543245e-07,-2.0238010000000003e-07,-2.0268471e-07,-2.02432395e-07
081b46dee4d9d3a3,test,Noise,Noise,Field Noise,Field,20250205,-2.0261961142857145e-07,-2.0260418500000001e-07,-2.023892e-07,-2.0291453000000003e-07,-2.02457886e-07
509f451ae08eb0ca,test,Noise,Noise,Field Noise,Field,20250205,-2.0259830749999998e-07,-2.0260143999999998e-07,-2.0239583000000003e-07,-2.0288494e-07,-2.02430782e-07
0047c05a2b39b603,val,Noise,Noise,Field Noise,Field,20230910,-2.673620728571428e-07,-2.66294735e-07,-2.0992805999999998e-07,-3.2349188e-07,-2.3247008400000003e-07
7e4ceb4a7556f60d,test,Noise,Noise,Field Noise,Field,20230915,-1.0103986785714283e-07,-1.0105598499999997e-07,3.0026900000000095e-08,-2.565411e-07,-1.835589499999994e-08
64b55aab4fab61d8,test,Noise,Noise,Field Noise,Field,20230915,-1.3414675964285713e-07,-1.3147232499999996e-07,8.917660000000006e-08,-3.4620679999999996e-07,-2.2465320999999993e-08
2547ff64b3d9fec9,test,Noise,Noise,Field Noise,Field,20230915,-2.425288250000002e-08,-5.884465000000005e-08,3.8986987000000004e-07,-3.7173046999999997e-07,2.520031700000001e-07
369c81711e4c806a,test,Noise,Noise,Field Noise,Field,20230915,-1.9592383714285713e-07,-2.0443943e-07,-1.3376440000000003e-07,-2.50335e-07,-1.5940884999999998e-07
c3b7a8c4d860ef8e,test,Noise,Noise,Field Noise,Field,20230915,-1.9822727607142858e-07,-1.9779054e-07,-1.0239167000000003e-07,-2.5795609e-07,-1.6529694199999998e-07
36a1cc61019fa629,val,Noise,Noise,Field Noise,Field,20230918,2.776956021428571e-07,3.5075507000000006e-07,4.5158449999999994e-07,-9.902680000000005e-08,4.0426423e-07
3324e210ecc80ab8,val,Noise,Noise,Field Noise,Field,20230920,-1.6504850678571427e-07,-1.7281828e-07,-2.7560670000000012e-08,-2.8367875000000003e-07,-9.122969999999999e-08
c9def6f021c507d7,test,Noise,Noise,Field Noise,Field,20230903,1.8973302857142852e-08,1.4685820000000012e-08,1.0551991e-07,-3.511206000000001e-08,5.0209153999999966e-08
e4101ef93803add2,val,Noise,Noise,Field Noise,Field,20230905,-1.308763425e-07,-6.515920500000001e-08,2.351497999999999e-07,-1.545755e-06,5.905176099999989e-08
c2cf60d225ba03a4,val,Noise,Noise,Field Noise,Field,20230906,-9.558812214285714e-08,-7.367682499999998e-08,1.212583499999999e-06,-2.2563157000000005e-06,2.636177530000002e-07
e4f722247249d45b,val,Noise,Noise,Field Noise,Field,20230906,2.9335271785714278e-08,-5.283385000000002e-08,1.0282353000000003e-06,-6.841540000000002e-07,2.904157000000001e-07
b5fe28c6d2bfb8fa,val,Noise,Noise,Field Noise,Field,20230918,-4.639178e-08,-3.766787500000001e-08,1.0961704999999999e-07,-4.685567000000001e-07,4.2967232e-08
3abae7ba0300f547,val,Noise,Noise,Field Noise,Field,20230918,5.231024178571425e-08,-5.115671000000002e-08,1.1736573000000004e-06,-1.2596426e-07,4.2139892999999993e-07
af1f593c53e43c70,val,Noise,Noise,Field Noise,Field,20231016,3.0897508678571435e-07,6.189202999999999e-08,2.2618658e-06,-2.9912380000000017e-07,1.1868245700000002e-06
6bf070961c861eb7,test,Noise,Noise,Field Noise,Field,20230908,1.2412289285714296e-07,1.2533890000000039e-07,2.6258867999999993e-06,-6.7874243e-06,2.39148182e-06
6aa453f78dbaa710,val,Noise,Noise,Field Noise,Field,20230910,-9.608241000000002e-07,-9.493698499999998e-07,-8.640149999999965e-08,-1.8926871999999998e-06,-5.510908300000001e-07
139889ea6dfb8c2d,test,Noise,Noise,Field Noise,Field,20230912,-6.153100785714286e-07,-6.323177500000001e-07,2.629116e-07,-1.1556167e-06,-3.7908162999999985e-07
62c23c3dd82ed7cc,test,Noise,Noise,Field Noise,Field,20230912,-5.315367032142856e-07,-4.6546113e-07,-1.6826299999999892e-08,-1.1185841999999998e-06,-3.1626756999999993e-07
8872e046e589ced9,test,Noise,Noise,Field Noise,Field,20230912,-6.683576950000001e-07,-5.835492999999999e-07,-2.6720379999999987e-07,-1.8190951e-06,-3.2500621799999986e-07
b3a9079b8a3bd90c,test,Noise,Noise,Field Noise,Field,20230912,-3.873945371428571e-07,-4.4802289999999994e-07,1.7731699999999981e-07,-7.580572000000002e-07,-9.807027999999996e-08
27b2fddfc6a12010,val,Noise,Noise,Field Noise,Field,20230918,-2.3433117857142856e-07,-2.4454149e-07,7.397474000000001e-08,-5.718907e-07,-9.805080400000004e-08
a2027ec9f270b788,test,Noise,Noise,Field Noise,Field,20230922,-1.6243101964285713e-06,-2.1299155000000013e-06,1.4445014e-05,-1.4730739999999997e-05,3.907373500000001e-06
8ed8138f98df55f4,test,Noise,Noise,Field Noise,Field,20230923,6.619696392857141e-07,1.6199992500000002e-06,6.725229e-06,-1.17182035e-05,4.12251627e-06
b0a25dca1ef2f132,test,Noise,Noise,Field Noise,Field,20230927,-1.0525436321428572e-06,-7.0995055e-07,1.168097e-06,-4.4366363e-06,2.9475633000000005e-07
76f5cbd7ea59d675,test,Noise,Noise,Field Noise,Field,20230927,-3.566453878571429e-07,-3.13600965e-07,1.5678879999999995e-07,-1.2266236999999998e-06,-9.931997999999989e-08
40e5a451492a97a5,val,Noise,Noise,Field Noise,Field,20231009,-5.944431571428572e-07,-5.524529e-07,2.665115e-06,-5.2880660000000006e-06,1.06377594e-06
ddbd4a2c88aaf1b1,val,Noise,Noise,Field Noise,Field,20231009,-5.964140860714286e-06,-4.881522000000001e-06,2.7191159999999995e-06,-1.7394408000000003e-05,-5.890764900000005e-07
330827e50c79fcb0,val,Noise,Noise,Field Noise,Field,20231009,-1.1167451982142855e-05,-9.293761e-06,7.658752999999997e-06,-3.565414e-05,9.490802000000035e-07
8ed224e09fa8b49c,test,Noise,Noise,Field Noise,Field,20231010,-8.742167285714287e-06,-7.955616999999999e-06,4.259085e-06,-2.6006324e-05,-2.0568032999999996e-06
721684133e2d9afa,test,Noise,Noise,Field Noise,Field,20231010,-3.919884239285714e-06,-2.6234746999999997e-06,9.661629999999998e-07,-1.2510059999999998e-05,1.7740219999999992e-07
d645dc5adb59551d,test,Noise,Noise,Field Noise,Field,20231010,-3.426797875e-06,-1.2223029999999992e-06,4.479839000000001e-06,-2.8615022999999996e-05,3.006843450000001e-06
f800955d2b380e7c,test,Noise,Noise,Field Noise,Field,20231010,-7.2872857500000016e-06,-5.112862250000001e-06,4.5853499999999814e-07,-1.6464879e-05,-1.7910511999999988e-06
330b09ef5d9a5309,test,Noise,Noise,Field Noise,Field,20230902,-4.345293267857143e-07,-4.08032365e-07,-1.5969681999999999e-07,-7.295287399999999e-07,-2.57884056e-07
55c4b04d8e24fdee,test,Noise,Noise,Field Noise,Field,20230908,-3.627473539285714e-07,-3.6452432e-07,-2.8284192e-07,-4.745581e-07,-2.91417037e-07
1c58a524c71b6390,test,Noise,Noise,Field Noise,Field,20230922,-5.048668782142856e-07,-4.929574200000001e-07,-3.1302244e-07,-7.152333e-07,-3.8672592e-07
d2bb75cc576843b0,test,Noise,Noise,Field Noise,Field,20230922,-4.805515028571428e-07,-4.9091664e-07,-3.6552034e-07,-6.033732e-07,-3.8004032299999996e-07
eb495321dc1bb417,test,Noise,Noise,Field Noise,Field,20230922,-4.1960621857142857e-07,-4.0492183500000004e-07,-3.0558755000000003e-07,-5.583418e-07,-3.60794624e-07
0cad002942ceb0c5,val,Noise,Noise,Field Noise,Field,20231013,-2.7454409892857143e-06,-2.6274875000000002e-06,3.2314929999999986e-06,-8.656488000000001e-06,3.0472488999999994e-07
2acbf5dc28cb85fd,val,Noise,Noise,Field Noise,Field,20230905,-2.631578057142857e-07,-2.6680267999999996e-07,3.737880000000002e-08,-3.9802827e-07,-1.93116045e-07
cb06d89e7a972d05,test,Noise,Noise,Field Noise,Field,20230902,-5.2444379e-07,-4.4311349500000003e-07,3.978473999999998e-07,-1.2768754000000001e-06,-2.138379999999999e-07
f041e45d16e0f171,test,Noise,Noise,Field Noise,Field,20230902,-5.787083120714286e-06,-6.03920645e-06,-8.350900000000144e-08,-8.344428e-06,-4.5569411299999994e-06
c6208835b972346c,val,Noise,Noise,Field Noise,Field,20230905,-2.983281528571429e-07,-2.7737415e-07,-2.2627726e-07,-4.2615717e-07,-2.4898042800000007e-07
a5962b912a46864d,val,Noise,Noise,Field Noise,Field,20231005,-1.1038639321428571e-06,-1.07632545e-06,1.950966e-07,-2.3280256e-06,-3.9223389e-07
3659f9824d1dc3eb,test,Noise,Noise,Field Noise,Field,20230902,-2.895380307142857e-07,-2.7321148999999995e-07,-6.58348e-08,-6.099172999999999e-07,-1.11904272e-07
93794cc86d30e2a3,val,Noise,Noise,Field Noise,Field,20230905,-3.2832871285714283e-07,-2.9847278e-07,-1.2847084999999994e-07,-7.499816999999999e-07,-2.01724881e-07
d0f68f9242dc5d81,val,Noise,Noise,Field Noise,Field,20230906,-2.953980792857143e-07,-3.0384033000000003e-07,-1.6747834999999996e-07,-4.309203e-07,-2.2783409400000002e-07
b06b58235f16d323,test,Noise,Noise,Field Noise,Field,20230912,-2.611274178571429e-07,-2.79842245e-07,2.0598439999999997e-07,-4.809928000000001e-07,-7.007864900000005e-08
dfda1c4e8eddecba,test,Noise,Noise,Field Noise,Field,20230913,-3.184751189285714e-07,-2.7466243e-07,2.4636030000000007e-07,-9.771981999999998e-07,-1.68890392e-07
2aa84b77d3de89cb,test,Noise,Noise,Field Noise,Field,20230913,-2.054446925e-07,-2.4421182500000004e-07,1.1847030000000006e-07,-3.9607846000000006e-07,9.543700000000747e-10
2bbf9c043359d406,test,Noise,Noise,Field Noise,Field,20230913,-3.767334889285714e-07,-3.916079500000001e-07,-1.4500999999999995e-07,-5.5658573e-07,-2.0946078099999997e-07
bcbcf5f1574e33fa,test,Noise,Noise,Field Noise,Field,20230902,-2.134786e-07,-2.1085718999999997e-07,-2.0366719999999998e-07,-2.2739526e-07,-2.05370369e-07
24362295e2d4f83e,test,Noise,Noise,Field Noise,Field,20230902,-2.0954629928571434e-07,-2.08819585e-07,-2.0298384000000004e-07,-2.1830637000000001e-07,-2.0371475400000003e-07
7003d711f5ba2ee1,test,Noise,Noise,Field Noise,Field,20230903,-2.570728921428571e-07,-2.5026072000000004e-07,-2.0548975000000007e-07,-3.777202e-07,-2.1475625099999998e-07
785e1f5cb7a645c7,test,Noise,Noise,Field Noise,Field,20231002,-2.5053882e-07,-2.50601385e-07,-1.7109525000000002e-07,-2.8894860000000006e-07,-2.27600184e-07
15fbb9e3831e3d7e,test,Noise,Noise,Field Noise,Field,20230903,-2.5427222178571424e-07,-2.5023149e-07,-1.7747088999999996e-07,-3.6214823999999997e-07,-1.97848066e-07
2fdde4beaa5e0d3a,val,Noise,Noise,Field Noise,Field,20230905,-3.0045091857142856e-07,-2.9944544999999996e-07,-2.4478769e-07,-4.0859757e-07,-2.56149954e-07
eb3dcb5305a891bc,val,Noise,Noise,Field Noise,Field,20231016,-2.1836463035714286e-07,-2.2065027499999995e-07,2.049599999999999e-07,-6.428889e-07,8.828858799999999e-08
ec0088466439b99a,val,Noise,Noise,Field Noise,Field,20231016,-3.085142275e-07,-3.0258097e-07,1.982165e-07,-6.493381e-07,-1.1237891499999997e-07
086569746f1c32c1,val,Noise,Noise,Field Noise,Field,20231016,-3.8760074678571423e-07,-2.9934900000000007e-07,1.6341700000000025e-08,-1.415894999999999e-06,-9.604699299999999e-08
dde71c68e425ec4d,val,Noise,Noise,Field Noise,Field,20231016,-3.009617803571429e-07,-3.1060194999999997e-07,1.325446e-07,-5.883997700000001e-07,-1.0487506799999992e-07
2fdd6dc792e37b5a,val,Noise,Noise,Field Noise,Field,20230905,-3.547952932142857e-07,-2.7935084e-07,-4.4228999999999674e-09,-7.814774000000001e-07,-2.1166412000000002e-07
465bd2843a2bbb13,val,Noise,Noise,Field Noise,Field,20230905,-2.883012324999999e-07,-2.7982289e-07,9.280489999999997e-08,-8.646004999999999e-07,-3.925986900000011e-08
1d43560ce9ffccb1,val,Noise,Noise,Field Noise,Field,20230905,-2.2996511107142856e-07,-1.9850953999999997e-07,-5.883799999999911e-09,-6.531101000000002e-07,-1.374576900000001e-07
db0cb72f09949af6,test,Noise,Noise,Field Noise,Field,20230908,-1.2733455321428567e-07,-2.4269702500000003e-07,5.6829335e-07,-4.859434400000001e-07,3.1708442600000005e-07
76a5c9e01bdb5654,val,Noise,Noise,Field Noise,Field,20230920,-1.0140076467857143e-06,-4.858676500000002e-07,-1.9763294000000003e-07,-6.214095e-06,-2.0214705e-07
23d1100d603ec5c5,val,Noise,Noise,Field Noise,Field,20230920,-4.7107726535714285e-07,-2.0442762e-07,2.1609099999999905e-08,-1.5966657e-06,-1.9996996600000002e-07
ec50f57e0196f9fb,val,Noise,Noise,Field Noise,Field,20230921,-3.5803521782142854e-06,-2.2337526999999997e-07,-2.0047962e-07,-4.6830802999999994e-05,-2.0150049599999997e-07
e434c566b01dccfe,test,Noise,Noise,Field Noise,Field,20230902,-1.0975480164285715e-06,-7.658167500000001e-07,-1.4637355999999995e-07,-3.0663655999999997e-06,-2.1849773499999997e-07
5273da37c0de2d05,test,Noise,Noise,Field Noise,Field,20230922,-3.5171146571428577e-07,-3.30631145e-07,-2.0115589999999999e-07,-5.536445299999999e-07,-2.32153921e-07
110b22cc2958ea65,test,Noise,Noise,Field Noise,Field,20230922,-4.6613345999999996e-07,-4.6087767499999997e-07,-2.2305326e-07,-9.7057827e-07,-2.3671161899999998e-07
8d83613c995aa9e0,test,Noise,Noise,Field Noise,Field,20230922,-7.640907310714287e-07,-7.622173499999999e-07,-2.7706012e-07,-1.2185866999999997e-06,-3.69533892e-07
1272b04e719f1ff9,test,Noise,Noise,Field Noise,Field,20230922,-4.5702433571428573e-07,-4.59367725e-07,-1.3658825999999997e-07,-9.8119875e-07,-2.6132213899999994e-07
feebfdfeef78ff31,val,Noise,Noise,Field Noise,Field,20231001,-6.230566982142857e-07,-6.166781349999999e-07,-3.7457779999999997e-07,-8.682666e-07,-4.54025944e-07
a63461916858ef0e,val,Noise,Noise,Field Noise,Field,20231001,-7.243429685714288e-07,-7.3059012e-07,-2.473778e-07,-1.3443259999999999e-06,-4.04517491e-07
066420e800606cd9,val,Noise,Noise,Field Noise,Field,20231001,-5.18614039642857e-07,-5.6734012e-07,6.026484000000002e-07,-1.1698370000000002e-06,-2.376189000000001e-08
74f5e9c52412f458,val,Noise,Noise,Field Noise,Field,20231001,-6.234447896428569e-07,-6.490413750000001e-07,-1.2181040000000008e-07,-1.0904368e-06,-3.07946566e-07
9400454eed627cfc,test,Noise,Noise,Field Noise,Field,20230902,-2.032757007142857e-07,-2.0254134e-07,1.0603970000000004e-07,-3.961298e-07,-2.0158126599999997e-07
feeb5dfca67e3967,test,Noise,Noise,Field Noise,Field,20230928,-2.227714142857143e-07,-2.1901214e-07,-1.820712e-07,-2.666382e-07,-1.9131216099999996e-07
af2f2a2f8131ac5d,test,Noise,Noise,Field Noise,Field,20231003,-2.150884528571429e-07,-2.16879535e-07,-1.6968425000000003e-07,-2.3648920000000003e-07,-2.0367411299999996e-07
d06899d297140517,val,Noise,Noise,Field Noise,Field,20231008,1.5526674285714285e-06,1.6437842000000001e-06,2.3168004e-06,4.466082999999997e-07,1.96163605e-06
8cc6f8ae1319cdcd,val,Noise,Noise,Field Noise,Field,20241020,-2.4628013035714287e-07,-2.5383594e-07,-2.0595666000000003e-07,-2.7494499e-07,-2.2411951099999997e-07
3be02ff34ccb1c2f,val,Noise,Noise,Field Noise,Field,20241020,-2.5577838392857145e-07,-2.5956918e-07,-2.0653477000000003e-07,-2.7553986000000007e-07,-2.38668163e-07
96ddc0a8a0e9abeb,val,Noise,Noise,Field Noise,Field,20241020,-2.5852713464285714e-07,-2.5931799000000004e-07,-2.2715340000000002e-07,-2.7837582e-07,-2.45695628e-07
dea12c90941c31a3,val,Noise,Noise,Field Noise,Field,20241020,-2.7307121285714287e-07,-2.7041337000000005e-07,-2.5186829999999997e-07,-2.9651846000000004e-07,-2.56306703e-07
d5bd7b4609baf19d,val,Noise,Noise,Field Noise,Field,20241022,-2.944960946428572e-07,-2.9076438e-07,-2.6721994e-07,-3.4764307000000003e-07,-2.80389363e-07
6943c0d776b20170,val,Noise,Noise,Field Noise,Field,20241022,-2.874330196428571e-07,-2.8718677e-07,-2.3793159999999994e-07,-3.546761e-07,-2.45187428e-07
bf0ff4db47fc99ee,val,Noise,Noise,Field Noise,Field,20241022,-2.79969775e-07,-2.94111035e-07,-2.2244563000000001e-07,-3.4252405999999993e-07,-2.2548176900000002e-07
825639ed4b2c76f5,val,Noise,Noise,Field Noise,Field,20241022,-3.1113518000000006e-07,-3.00312055e-07,-2.6249016000000007e-07,-4.4881253e-07,-2.6753781899999995e-07
923bd5dcdf56b323,val,Noise,Noise,Field Noise,Field,20241022,-3.197839153571429e-07,-3.2209598999999996e-07,-2.9058718e-07,-3.51203e-07,-2.98222229e-07
c8e7427cb67d97d0,val,Noise,Noise,Field Noise,Field,20241022,-3.2813785571428565e-07,-3.2910145e-07,-2.9842672e-07,-3.5818427e-07,-3.12635931e-07
bf398fe3dd3eadaf,val,Noise,Noise,Field Noise,Field,20241022,-3.1951844142857146e-07,-3.1956498e-07,-2.8926223999999996e-07,-3.5520529e-07,-2.94712941e-07
c52e8c4a0fcabcfa,val,Noise,Noise,Field Noise,Field,20241022,-3.1237764857142864e-07,-3.14278315e-07,-2.9262223999999996e-07,-3.3237342e-07,-3.004325e-07
88c74e0adb7ee15c,val,Noise,Noise,Field Noise,Field,20241022,-3.1683660785714287e-07,-3.1471238499999996e-07,-2.97581e-07,-3.3902052e-07,-3.08024021e-07
3257d77f1505d20c,val,Noise,Noise,Field Noise,Field,20241022,-3.0421562678571424e-07,-3.06391095e-07,-2.6977402000000004e-07,-3.2644376999999997e-07,-2.84990161e-07
67b5afee3c47e505,val,Noise,Noise,Field Noise,Field,20241022,-2.988329592857143e-07,-3.0081839000000005e-07,-2.6747999999999996e-07,-3.161292e-07,-2.8380474100000003e-07
8c6ed27e9aecc538,val,Noise,Noise,Field Noise,Field,20241022,-2.9202805964285714e-07,-2.9219048e-07,-2.8191021000000003e-07,-3.0549493e-07,-2.8329178499999995e-07
1826004176515106,val,Noise,Noise,Field Noise,Field,20241022,-3.007643960714285e-07,-3.0063149999999995e-07,-2.8519265999999994e-07,-3.2313950000000006e-07,-2.8962730000000003e-07
7653dec7d6a6df0c,val,Noise,Noise,Field Noise,Field,20241022,-3.0263411142857134e-07,-2.9966552999999997e-07,-2.8019212000000004e-07,-3.3485759999999995e-07,-2.8998816199999997e-07
c9689d5f780899d6,val,Noise,Noise,Field Noise,Field,20241022,-2.995342753571428e-07,-2.9803411500000003e-07,-2.8021903999999996e-07,-3.1714032000000004e-07,-2.9176759699999994e-07
ad7f485b274c1656,val,Noise,Noise,Field Noise,Field,20241022,-2.9668962607142855e-07,-2.9331205e-07,-2.7450702999999996e-07,-3.2767809000000004e-07,-2.82205673e-07
3fbdaab44cae88d0,val,Noise,Noise,Field Noise,Field,20241022,-2.889327071428571e-07,-2.8990693500000003e-07,-2.7477165999999995e-07,-3.0609777000000003e-07,-2.7817665799999997e-07
a8da88c8ef549e6d,val,Noise,Noise,Field Noise,Field,20241022,-2.840855946428572e-07,-2.83193325e-07,-2.6451967e-07,-3.1766586000000003e-07,-2.7201556500000003e-07
8cf2b4093d11c057,val,Noise,Noise,Field Noise,Field,20241022,-3.316909485714286e-07,-3.3719627000000005e-07,-2.8089115e-07,-3.6892752e-07,-2.99861414e-07
7d1a981806435cf9,val,Noise,Noise,Field Noise,Field,20241022,-2.497393560714286e-07,-2.4488468e-07,-2.332654e-07,-3.272978e-07,-2.36390319e-07
4caaba9ae834a596,val,Noise,Noise,Field Noise,Field,20241022,-2.5721718464285716e-07,-2.53312845e-07,-2.2462423999999998e-07,-4.1730899000000006e-07,-2.30549014e-07
62747e24d8e37357,val,Noise,Noise,Field Noise,Field,20241022,-2.3370211107142858e-07,-2.32116065e-07,-1.9017604000000006e-07,-2.6735096e-07,-2.22472822e-07
668fef3fb5a8a65b,val,Noise,Noise,Field Noise,Field,20241022,-2.4543751678571427e-07,-2.3083625500000001e-07,-1.8941236000000004e-07,-3.4604128e-07,-2.2363608999999993e-07
dba7722d4619ee42,val,Noise,Noise,Field Noise,Field,20241022,-2.388268217857143e-07,-2.3646073000000002e-07,-2.1714035e-07,-2.9566542e-07,-2.3338703299999998e-07
6639de3d64eae680,val,Noise,Noise,Field Noise,Field,20241022,-2.4988371392857144e-07,-2.3801346000000003e-07,-2.1346833999999998e-07,-3.1310191000000006e-07,-2.2425296000000006e-07
a3d50ea59c93717e,val,Noise,Noise,Field Noise,Field,20241022,-2.281539032142857e-07,-2.27317695e-07,-2.1467897999999997e-07,-2.3976572999999995e-07,-2.2037628000000002e-07
de40e8ac01a44d6e,val,Noise,Noise,Field Noise,Field,20241022,-2.2559183785714288e-07,-2.25936325e-07,-2.1307212e-07,-2.3605786000000003e-07,-2.17830455e-07
549a171f025a3508,val,Noise,Noise,Field Noise,Field,20241022,-2.2442594821428567e-07,-2.2263426000000002e-07,-2.1658315000000004e-07,-2.6015605e-07,-2.1971222200000001e-07
23f6aa3491166fc1,val,Noise,Noise,Field Noise,Field,20241022,-2.324480492857143e-07,-2.3514562e-07,-2.1366111000000003e-07,-2.4256959999999996e-07,-2.20365371e-07
903de8573fe4d13c,val,Noise,Noise,Field Noise,Field,20241022,-2.3054489107142857e-07,-2.2681523500000002e-07,-2.1417594000000002e-07,-2.5221165000000006e-07,-2.2026303399999998e-07
baac5fe59cf290a4,val,Noise,Noise,Field Noise,Field,20241022,-2.395690085714285e-07,-2.3392937999999998e-07,-2.1599053999999996e-07,-2.7165868e-07,-2.2638854699999997e-07
b34c461e44d1bd9d,val,Noise,Noise,Field Noise,Field,20241022,-2.2649915285714289e-07,-2.27469745e-07,-2.1486110000000003e-07,-2.3880606e-07,-2.1782987400000003e-07
28e6d3df5e64b235,val,Noise,Noise,Field Noise,Field,20241022,-2.2564564785714284e-07,-2.25635615e-07,-2.156265e-07,-2.3707808000000003e-07,-2.1965039e-07
5ae814f0bca854b2,val,Noise,Noise,Field Noise,Field,20241022,-3.4342849035714284e-07,-3.59746195e-07,-1.6702964e-07,-4.1578645999999996e-07,-2.38044626e-07
51f29f824f41a956,val,Noise,Noise,Field Noise,Field,20241022,-2.8178523928571424e-07,-2.62032585e-07,-2.2972111000000002e-07,-3.9728696e-07,-2.4355107900000003e-07
0ab2a4fd9c20eb72,val,Noise,Noise,Field Noise,Field,20241022,-2.676259857142857e-07,-2.47657775e-07,-2.267364e-07,-3.5189998000000005e-07,-2.3432604299999997e-07
f9bef07ca0a0820e,val,Noise,Noise,Field Noise,Field,20241022,-2.3098398928571423e-07,-2.28516555e-07,-2.1451970000000001e-07,-2.5679567999999997e-07,-2.2184821799999999e-07
a2cc2dc402e48bd0,val,Noise,Noise,Field Noise,Field,20241022,-2.3103220607142855e-07,-2.3203791000000005e-07,-2.1024826e-07,-2.4872091000000004e-07,-2.1931976300000002e-07
7c0848d77e946f70,val,Noise,Noise,Field Noise,Field,20241022,-2.5363630321428575e-07,-2.4114097e-07,-2.3302760000000005e-07,-4.0414648e-07,-2.34768628e-07
bb63b065c140a0bd,val,Noise,Noise,Field Noise,Field,20241022,-3.659529714285714e-07,-3.7301203e-07,-3.060814e-07,-4.0344243000000004e-07,-3.20828546e-07
281dfa9efea1e6da,val,Noise,Noise,Field Noise,Field,20241022,-3.060770771428572e-07,-3.1600564500000007e-07,-2.2945924e-07,-3.9622652e-07,-2.3338655499999997e-07
7245b39a7b5f1da4,val,Noise,Noise,Field Noise,Field,20241022,-3.1030566642857144e-07,-3.168817e-07,-2.3256076000000002e-07,-3.9382030000000004e-07,-2.3723937399999998e-07
a4acc0579b3efb0f,val,Noise,Noise,Field Noise,Field,20241022,-2.619507814285715e-07,-2.46268365e-07,-2.3204052999999997e-07,-3.6977405000000004e-07,-2.3577669499999999e-07
8574e6181691c2e0,val,Noise,Noise,Field Noise,Field,20241022,-2.5458293e-07,-2.5057119e-07,-2.401688e-07,-3.0078041e-07,-2.44154968e-07
0a144075a77521ce,val,Noise,Noise,Field Noise,Field,20241022,-2.681106625e-07,-2.54741715e-07,-2.4544851000000007e-07,-3.310659e-07,-2.476358e-07
6d917226fba954a7,val,Noise,Noise,Field Noise,Field,20241022,-2.4380635178571423e-07,-2.41937395e-07,-2.2923648e-07,-3.0719614999999996e-07,-2.3189799999999998e-07
bb3933b8c4cc1a98,val,Noise,Noise,Field Noise,Field,20241022,-2.840976867857143e-07,-2.7517343e-07,-2.424887e-07,-4.0105046999999997e-07,-2.4608023300000004e-07
abec491b53e1d5ae,val,Noise,Noise,Field Noise,Field,20241022,-2.9934848821428574e-07,-3.0922255e-07,-2.4006657999999993e-07,-3.4830098e-07,-2.4545349600000005e-07
c0a67143e0fbbd68,val,Noise,Noise,Field Noise,Field,20241022,-3.464303921428572e-07,-3.534554e-07,-2.6679984000000004e-07,-3.7809685e-07,-3.1617935699999996e-07
10a64767d08d54a2,val,Noise,Noise,Field Noise,Field,20241022,-3.0117077285714285e-07,-2.9734733499999997e-07,-2.5878398999999996e-07,-3.42742e-07,-2.78069978e-07
8bfecfebd7ef9086,val,Noise,Noise,Field Noise,Field,20241022,-2.5470420857142853e-07,-2.51324485e-07,-2.2742245999999998e-07,-2.9106336e-07,-2.3300315000000003e-07
d46efda169be7d7a,val,Noise,Noise,Field Noise,Field,20241022,-2.9309768214285714e-07,-2.99866125e-07,-2.4945567e-07,-3.4944338e-07,-2.5893018599999994e-07
c1508be449a69c3e,val,Noise,Noise,Field Noise,Field,20241022,-2.9587350321428575e-07,-2.8556729499999996e-07,-2.5935527000000006e-07,-3.7833514999999997e-07,-2.65214438e-07
5f62177e3ec53e90,val,Noise,Noise,Field Noise,Field,20241022,-2.8756036285714287e-07,-2.8510026500000004e-07,-2.7281523999999997e-07,-3.1518867e-07,-2.76836931e-07
9133f26abc35eb6b,val,Noise,Noise,Field Noise,Field,20241022,-2.843995182142857e-07,-2.8506200999999997e-07,-2.5327236999999996e-07,-3.1687544e-07,-2.76222114e-07
3e7ed27d8da11232,val,Noise,Noise,Field Noise,Field,20241022,-2.821332625e-07,-2.81869685e-07,-2.6638995999999995e-07,-2.9520904e-07,-2.74096011e-07
da5e24efdf0b87dd,val,Noise,Noise,Field Noise,Field,20241022,-3.0533572964285716e-07,-2.98402265e-07,-2.8244462999999994e-07,-3.6949561e-07,-2.88609245e-07
e5382f49b6c7bb17,val,Noise,Noise,Field Noise,Field,20241022,-3.100526971428572e-07,-3.0446324e-07,-2.7445415e-07,-3.4857491e-07,-2.88373468e-07
fda7300ea06b28de,val,Noise,Noise,Field Noise,Field,20241022,-3.0945788678571425e-07,-3.1085283499999997e-07,-2.3940402e-07,-3.4736933999999995e-07,-2.67728782e-07
dca07bc5006bdd87,val,Noise,Noise,Field Noise,Field,20241022,-2.602346410714286e-07,-2.5358684e-07,-2.4046522999999994e-07,-3.0817198e-07,-2.43684452e-07
1242721ae2c43b95,val,Noise,Noise,Field Noise,Field,20241022,-3.3622902285714275e-07,-3.4044383500000004e-07,-2.1747667999999999e-07,-4.0738971999999993e-07,-2.997995e-07
cd935c837c327aa4,val,Noise,Noise,Field Noise,Field,20241022,-3.358435464285715e-07,-3.4425881e-07,-2.5362796e-07,-3.8635387999999995e-07,-2.8432159699999996e-07
32de0e5d8c7444e4,val,Noise,Noise,Field Noise,Field,20241023,-2.717164746428571e-07,-2.7056278e-07,-2.6077441e-07,-2.8759847999999995e-07,-2.6497468099999996e-07
b76478c9f725a93b,val,Noise,Noise,Field Noise,Field,20241023,-2.5940182428571433e-07,-2.5933238e-07,-2.5170028e-07,-2.7009523999999995e-07,-2.5517636800000005e-07
7b4c1f35325d193b,val,Noise,Noise,Field Noise,Field,20241023,-2.546808807142857e-07,-2.54357135e-07,-2.4355103e-07,-2.6269086000000003e-07,-2.4990885900000004e-07
18627a2c1085a920,val,Noise,Noise,Field Noise,Field,20241023,-2.591540282142857e-07,-2.5884279000000007e-07,-2.4911944e-07,-2.6729930000000007e-07,-2.5360796199999997e-07
0543f825abd6697c,val,Noise,Noise,Field Noise,Field,20241023,-2.6673346678571425e-07,-2.682565e-07,-2.5177597e-07,-2.7984160000000003e-07,-2.56118727e-07
21e3a75be90e066c,val,Noise,Noise,Field Noise,Field,20241023,-2.6846214892857143e-07,-2.66800725e-07,-2.5335021000000005e-07,-2.9200339000000004e-07,-2.5664733500000003e-07
2df59f8645b91f91,val,Noise,Noise,Field Noise,Field,20241023,-2.836073214285714e-07,-2.7955064999999996e-07,-2.6314012e-07,-3.3142985000000004e-07,-2.6735624699999997e-07
7eee563bff06bdbb,val,Noise,Noise,Field Noise,Field,20241023,-2.9349361107142853e-07,-2.9354185e-07,-2.7373964e-07,-3.2088213000000005e-07,-2.82084068e-07
ef7490a2502bfc91,val,Noise,Noise,Field Noise,Field,20241023,-2.8892740678571427e-07,-2.8992036000000003e-07,-2.6957260000000006e-07,-3.0179287000000004e-07,-2.78343633e-07
67369a083b891259,val,Noise,Noise,Field Noise,Field,20241023,-2.849637575e-07,-2.8602207e-07,-2.7698951e-07,-2.9349172000000006e-07,-2.7857063299999995e-07
1aad17acb5fa35e1,val,Noise,Noise,Field Noise,Field,20241023,-2.84466085e-07,-2.85211385e-07,-2.7079554e-07,-3.0236698e-07,-2.73587989e-07
923cb3144c0745f5,val,Noise,Noise,Field Noise,Field,20241023,-2.803672060714286e-07,-2.8087112e-07,-2.4630655999999995e-07,-3.2113336999999996e-07,-2.7200729100000003e-07
125c9ed68244b8a8,val,Noise,Noise,Field Noise,Field,20241023,-2.7619666071428574e-07,-2.7511170000000006e-07,-2.5997516000000005e-07,-3.0093582e-07,-2.66990067e-07
a7cd457542f01ba4,val,Noise,Noise,Field Noise,Field,20241023,-1.5419230892857145e-07,-1.3885809999999995e-07,-1.2203229999999991e-07,-5.4996886e-07,-1.3004243800000005e-07
edb122f4e2afb8db,test,PD,Corona,Field PD,Field,20231023,-7.148184171428571e-07,-2.4997142e-07,-2.0254134e-07,-7.369020999999999e-06,-2.0254134e-07
0dfac41eb1b50eae,test,PD,Corona,Field PD,Field,20231023,-4.218119764285716e-07,-3.3243075999999997e-07,-2.0223314e-07,-9.934276e-07,-2.0254134e-07
2a8f40085d19e769,test,PD,Corona,Field PD,Field,20231023,-7.430715803571427e-07,-5.61553725e-07,-3.2667039999999997e-07,-2.874487e-06,-3.8039589500000003e-07
a84fe20ce88c5fd2,test,PD,Corona,Field PD,Field,20231023,-5.500363985714286e-07,-5.1388445e-07,-2.5416696999999997e-07,-1.3850076e-06,-3.3153898e-07
96bb9b1481031827,test,PD,Corona,Field PD,Field,20231023,-7.1335367e-07,-4.6202426500000007e-07,-2.0254134e-07,-5.445658999999999e-06,-2.7858615899999995e-07
cfc56fb7c351c6a8,test,PD,Corona,Field PD,Field,20231023,-5.695621696428571e-07,-4.2560006499999997e-07,-1.1801420000000024e-07,-2.8103540000000002e-06,-3.15953975e-07
af930aef24ef2648,val,PD,Corona,Field PD,Field,20220226,-1.8904552785714286e-07,-2.025685e-07,9.540089999999993e-07,-4.377310999999998e-07,-2.0254134e-07
56ddf40bbc8260f2,val,PD,Floating,Field PD,Field,20231001,-1.1348253542857142e-06,-1.1215449400000002e-06,-9.827760999999998e-07,-1.31258374e-06,-1.024075615e-06
c21940b6a6efcfe9,val,PD,Floating,Field PD,Field,20190331,-2.1338443928571428e-07,-2.0254134e-07,-2.0254134e-07,-3.4418070000000005e-07,-2.0254134e-07
11134be3bde0d983,test,PD,Floating,Field PD,Field,20190403,-2.669588249999999e-07,-2.0254134e-07,-2.0254134e-07,-5.466674e-07,-2.0254134e-07
06deab1f1f50d547,test,PD,Floating,Field PD,Field,20190327,-2.0874233571428568e-07,-2.0254134e-07,-1.4321480000000007e-07,-2.7842054e-07,-2.0254134e-07
f750ca2d83db96ef,val,PD,Floating,Field PD,Field,20190401,-2.1468638535714283e-07,-2.0254134e-07,-1.8918598e-07,-2.7290989000000005e-07,-2.0250848399999998e-07
2b67d0b613393ab2,test,PD,Floating,Field PD,Field,20210605,-2.7836661285714283e-07,-2.1366189500000001e-07,-2.0077396000000004e-07,-7.5385405e-07,-2.0330472699999997e-07
b8c808f04d4063fc,test,PD,Floating,Field PD,Field,20210605,-2.697926203571428e-07,-2.0332222e-07,-1.8161196e-07,-7.516994e-07,-1.98481874e-07
8a5ae3f5178c369f,val,PD,Floating,Field PD,Field,20210405,-2.5618115249999995e-07,-2.0254134e-07,-2.0254134e-07,-1.17045333e-06,-2.0254134e-07
6e3c340e6227e54c,test,PD,Floating,Field PD,Field,20210104,-1.7074601142857143e-06,-1.6966673000000002e-06,-1.3843369e-06,-2.1762345999999997e-06,-1.4937893600000002e-06
f2de0a1488c9174a,test,PD,Floating,Field PD,Field,20210104,-1.619550057142857e-06,-1.64006695e-06,-9.200439000000001e-07,-2.3959638e-06,-1.3342936599999997e-06
004be058f7d6cfed,test,PD,Floating,Field PD,Field,20210104,-1.6713995357142858e-06,-1.65744725e-06,-8.756794999999999e-07,-2.2136626000000004e-06,-1.2840929e-06
3d08f8a7c24afebc,test,PD,Floating,Field PD,Field,20210104,-1.722116657142857e-06,-1.72722535e-06,-1.1330025e-06,-2.172146e-06,-1.42814622e-06
f7fddaa8f157690e,test,PD,Floating,Field PD,Field,20210104,-1.5626427749999997e-06,-1.5900149500000003e-06,-1.1952479e-06,-1.8644233000000001e-06,-1.32275601e-06
05330ea757a968f2,val,PD,Floating,Field PD,Field,20210506,-1.0538926139285715e-06,-1.0704636e-06,-6.265776000000001e-07,-1.42200075e-06,-9.105900799999998e-07
9ca0981ec3736732,val,PD,Floating,Field PD,Field,20230401,-2.6136412178571425e-06,-2.63922365e-06,-2.238529e-06,-3.0609850000000002e-06,-2.2678492900000004e-06
8d750faf420dfb6f,val,PD,Floating,Field PD,Field,20230401,-1.1450857164285715e-06,-1.1429106e-06,-5.382014399999999e-07,-1.8076127e-06,-8.386271939999999e-07
44c7839381042f32,test,PD,Floating,Field PD,Field,20230404,-1.3031451492857142e-06,-1.3641914999999999e-06,-2.0254134e-07,-1.7097265e-06,-8.585089899999995e-07
87d3c9188877bafb,test,PD,Floating,Field PD,Field,20230404,-6.015863864285715e-07,-5.866109999999999e-07,-2.516287999999999e-07,-1.0194745000000002e-06,-4.153869e-07
032d431664ff8ea2,test,PD,Floating,Field PD,Field,20230404,-1.6816398535714287e-06,-1.6278906999999998e-06,-1.3803010000000002e-06,-2.0800688e-06,-1.49281759e-06
47b46b6b550a79e7,test,PD,Floating,Field PD,Field,20230409,-1.6558231785714286e-06,-1.6132427000000002e-06,-1.3066380000000001e-06,-2.3006369e-06,-1.3684328200000001e-06
8d1801a49cf87673,test,PD,Floating,Field PD,Field,20230409,-2.350175767857143e-06,-2.3303120000000003e-06,-2.0753447000000002e-06,-2.9886473999999996e-06,-2.1637173499999998e-06
04e2927af50f8d74,val,PD,Floating,Field PD,Field,20230417,-5.177042378571429e-07,-5.238567e-07,-3.584579e-07,-6.492771599999999e-07,-3.9579472e-07
bf106a35858f5051,test,PD,Floating,Field PD,Field,20230426,-2.5974081642857147e-06,-2.5700189500000003e-06,-1.9448985000000003e-06,-3.3137432e-06,-2.3512453300000004e-06
7ab4bd6d977b080e,val,PD,Floating,Field PD,Field,20230427,-2.5551727499999997e-06,-2.5381377500000002e-06,-1.8915880000000003e-06,-3.0284123e-06,-2.2510121e-06
ad383d89045c81cf,test,PD,Floating,Field PD,Field,20230501,-2.701609517857143e-06,-2.677047e-06,-2.3534480999999998e-06,-3.3272649000000005e-06,-2.4077584599999997e-06
2ac8218d90bf5997,test,PD,Floating,Field PD,Field,20230503,-1.7058772689285715e-06,-1.69780085e-06,-1.4318451000000001e-06,-2.1221354e-06,-1.49956443e-06
496eb91d6b42fcfd,test,PD,Particle,Field PD,Field,20220427,-2.1912487142857147e-07,-2.0254134e-07,-2.0166259999999998e-07,-2.9367817e-07,-2.0254134e-07
8c78ef8eaaf68d7e,val,PD,Void,Field PD,Field,20220115,-2.0981405071428573e-07,-2.0906580500000003e-07,-2.0260899999999996e-07,-2.1985382000000004e-07,-2.04904809e-07
af350056f7a7069e,val,PD,Void,Field PD,Field,20220203,-2.2536700107142863e-07,-2.3066108000000003e-07,-1.7902532e-07,-2.5487529000000003e-07,-2.0732771800000002e-07
d897fac81243fd20,val,PD,Void,Field PD,Field,20220203,-2.334990507142857e-07,-2.3329435999999998e-07,-1.9794997000000005e-07,-2.905731e-07,-2.0189867599999996e-07
86c365f8bdaf675d,val,PD,Void,Field PD,Field,20220203,-2.3317309571428573e-07,-2.3392229499999998e-07,-1.9260212000000003e-07,-2.6340654e-07,-2.0939987600000004e-07
aac4ce001a9f2e1b,val,PD,Void,Field PD,Field,20220203,-2.1720364321428572e-07,-2.1568048e-07,-1.9976154e-07,-2.4099432999999997e-07,-2.02899317e-07
479c7669ccb81bd2,val,PD,Void,Field PD,Field,20220203,-2.2016843464285717e-07,-2.2142392e-07,-1.8822413000000003e-07,-2.5170678e-07,-2.0308050799999995e-07
586f00287a3f69d3,val,PD,Void,Field PD,Field,20220204,-2.2567946071428573e-07,-2.2150182999999999e-07,-2.0405717999999998e-07,-2.7527907000000003e-07,-2.1469518899999998e-07
1d140c74acd56b1d,val,PD,Void,Field PD,Field,20220204,-2.1761718607142856e-07,-2.1578972499999998e-07,-1.8474632999999998e-07,-2.4864372e-07,-2.00849204e-07
d194016533f01f20,val,PD,Void,Field PD,Field,20210604,-3.348951342857143e-07,-3.2979219499999996e-07,-2.0201294000000002e-07,-5.038108999999999e-07,-2.72752024e-07
15441e46b1811e62,val,PD,Void,Field PD,Field,20210604,-3.2376889714285715e-07,-3.1510119e-07,-2.2383849999999998e-07,-5.644177999999999e-07,-2.5867339100000004e-07
9b0fe87bba48b0db,val,PD,Void,Field PD,Field,20210604,-3.295599260714286e-07,-3.0626246499999993e-07,-2.0418127000000002e-07,-5.859236100000001e-07,-2.12731738e-07
b73db3beef2b4771,val,PD,Void,Field PD,Field,20210604,-2.1088630642857143e-07,-2.0470257e-07,-1.9090297000000002e-07,-3.1105446e-07,-2.01959537e-07
f9a16c3d0eb96c91,val,PD,Void,Field PD,Field,20210604,-2.071871075e-07,-2.0298876e-07,-1.9271375000000003e-07,-2.6368942e-07,-2.02402637e-07
c7474064a37a0ed5,val,PD,Void,Field PD,Field,20210604,-2.1796830107142856e-07,-2.14330865e-07,-1.7531823999999998e-07,-2.6995557e-07,-2.01905106e-07
de20d384fd9f0e65,test,PD,Void,Field PD,Field,20210605,-2.1163758821428572e-07,-2.06603055e-07,-1.9738772000000004e-07,-2.5742067000000003e-07,-2.0101267600000002e-07
85e5f03e74f5857d,test,PD,Void,Field PD,Field,20210605,-2.578190364285714e-07,-2.49739895e-07,-2.0627050000000002e-07,-4.1197004e-07,-2.1083147699999997e-07
04e05c07fb8b350f,test,PD,Void,Field PD,Field,20210605,-2.0376625000000003e-07,-2.0267251999999998e-07,-1.9775771999999998e-07,-2.2152082e-07,-2.01247018e-07
e456b623d71f593c,test,PD,Void,Field PD,Field,20220427,-2.5162910571428575e-07,-2.4778040000000003e-07,-2.1248513000000003e-07,-3.1364624999999996e-07,-2.2928581500000002e-07
9283c46f17a7545b,test,PD,Void,Field PD,Field,20220427,-2.6007056785714283e-07,-2.54709795e-07,-2.1990562e-07,-3.4452590000000003e-07,-2.33321441e-07
d05936eb690f9c00,test,PD,Void,Field PD,Field,20210605,-2.0267834964285717e-07,-2.02632345e-07,-1.9294698e-07,-2.0577559000000002e-07,-2.0151683599999998e-07
39b07f6589673f75,test,PD,Void,Field PD,Field,20220427,-2.601660171428571e-07,-2.6192176e-07,-2.2814819999999997e-07,-3.0121729e-07,-2.35451331e-07
cddb1008dbe133e4,test,PD,Void,Field PD,Field,20220427,-2.681759207142857e-07,-2.64091005e-07,-2.3058117999999998e-07,-3.1667305999999997e-07,-2.41942055e-07
4dac615858e8348b,val,PD,Void,Field PD,Field,20220226,-2.752578210714286e-07,-2.6949633499999996e-07,-1.9045705000000002e-07,-3.6698276e-07,-2.0648224000000003e-07
ee59ee1c5663de20,test,PD,Void,Field PD,Field,20220427,-2.0798649e-07,-2.0254134e-07,-2.0254134e-07,-2.854279e-07,-2.0254134e-07
13c1077fa4596fd2,test,PD,Void,Field PD,Field,20220427,-2.3041527607142855e-07,-2.21709565e-07,-2.0165681999999997e-07,-3.535726e-07,-2.0254134e-07
710ffd2d4f8a99d3,test,PD,Void,Field PD,Field,20220427,-2.422609032142858e-07,-2.40415165e-07,-2.1010455000000005e-07,-2.8898386999999994e-07,-2.1863806900000004e-07
06beecf737098cfe,val,PD,Void,Field PD,Field,20220226,-2.65404095e-07,-2.3760699e-07,-1.6516037e-07,-4.4366628e-07,-2.0897307299999997e-07
4887abdd51d29d30,test,PD,Void,Field PD,Field,20220427,-2.4089566535714286e-07,-2.4266792e-07,-2.0590959999999995e-07,-2.7280210000000005e-07,-2.21226917e-07
37c3891d862b2ba4,test,PD,Void,Field PD,Field,20220427,-2.3938716785714284e-07,-2.38684345e-07,-2.0893961000000003e-07,-2.6892307e-07,-2.2409208899999994e-07
037f56d1bca43e38,test,PD,Void,Field PD,Field,20220427,-2.435018232142857e-07,-2.4266775000000003e-07,-2.1358483000000003e-07,-2.8976540999999995e-07,-2.2132290600000003e-07
5377bde8fd533872,test,PD,Void,Field PD,Field,20220427,-2.172324207142857e-07,-2.1544144e-07,-2.0155660000000001e-07,-2.6185220000000007e-07,-2.0254134e-07
ad7937a06edb7415,test,PD,Void,Field PD,Field,20220427,-2.265672242857143e-07,-2.1694825999999998e-07,-2.0254134e-07,-2.8472914999999997e-07,-2.0254134e-07
2fa550bc18238a5e,test,PD,Void,Field PD,Field,20220427,-2.4602986500000003e-07,-2.41341085e-07,-2.1704102000000004e-07,-3.1033716e-07,-2.3045589899999999e-07
fe7404bf7e5c08ef,test,PD,Void,Field PD,Field,20220427,-2.364878653571429e-07,-2.3443666500000003e-07,-2.0934772000000005e-07,-2.8883220000000007e-07,-2.1355832300000002e-07
39f25e73161ae770,test,PD,Void,Field PD,Field,20220427,-2.2046360857142856e-07,-2.1805242e-07,-2.0378197999999997e-07,-2.4904648e-07,-2.06357164e-07
40d1f9a8a0a99d15,test,PD,Void,Field PD,Field,20220427,-2.3380028892857144e-07,-2.3589143000000003e-07,-2.0793612e-07,-2.5747205999999994e-07,-2.14525378e-07
8d2a5a2d98a1ee08,test,PD,Void,Field PD,Field,20220506,-3.1956614678571426e-07,-3.1921196000000003e-07,-2.4957025e-07,-3.7398247999999996e-07,-2.93251716e-07
16c35fda6602cfb7,test,PD,Void,Field PD,Field,20220506,-3.00043585e-07,-2.9641248e-07,-2.4240287999999997e-07,-3.6281547000000005e-07,-2.53856068e-07
067f7f855f8da133,test,PD,Void,Field PD,Field,20220506,-2.6622719607142856e-07,-2.6322886499999997e-07,-2.0252696999999997e-07,-3.9445041e-07,-2.0254134e-07
4b98a72cb6a2b090,val,PD,Void,Field PD,Field,20220226,-2.1124637392857145e-07,-2.0500788e-07,-1.9147814e-07,-2.615618e-07,-1.9609987000000002e-07
247c5174665313d7,val,PD,Void,Field PD,Field,20220226,-2.637482817857143e-07,-2.2066915000000002e-07,9.774199999999982e-08,-8.196001999999999e-07,-1.9760484599999997e-07
fdea3dde3a0c993a,val,PD,Void,Field PD,Field,20220226,-2.8910117428571426e-07,-2.75778145e-07,-1.6648565999999998e-07,-4.9913305e-07,-1.8636716500000003e-07
2491b7a9b3b56e96,val,PD,Void,Field PD,Field,20220226,-2.1374030142857147e-07,-2.3086455500000005e-07,7.098639999999996e-07,-3.889567e-07,-1.9423444500000004e-07
579374c5fc347bed,val,PD,Void,Field PD,Field,20220226,-3.0302398678571425e-07,-3.1043438e-07,-1.9474240000000003e-07,-4.571315999999999e-07,-2.2475434200000003e-07
675bea631a5074c4,val,PD,Void,Field PD,Field,20220226,-2.8542304107142853e-07,-2.7745362e-07,-1.9247724999999996e-07,-4.1667758e-07,-2.0912659799999996e-07
e6ccd4ca33fed746,val,PD,Void,Field PD,Field,20220226,-2.785035225e-07,-2.6123186e-07,-1.6556713999999997e-07,-5.184577000000001e-07,-1.86858961e-07
42840d827af11902,val,PD,Void,Field PD,Field,20220226,-2.1950256607142859e-07,-2.24008875e-07,1.8382169999999935e-07,-4.0522600000000003e-07,-1.8187006599999995e-07
a571a0b69a1b8a58,test,PD,Void,Field PD,Field,20210221,-2.0486232178571427e-07,-2.0254134e-07,-2.0254134e-07,-2.4313252e-07,-2.0254134e-07
2ebbb7790d6719fb,val,PD,Void,Field PD,Field,20210604,-2.2426740642857143e-07,-2.18843725e-07,-2.0191867e-07,-2.9273337000000005e-07,-2.0840435100000002e-07
2f7ac09fd69dffdd,test,PD,Void,Field PD,Field,20210605,-2.1761258607142855e-07,-2.07624045e-07,-1.9811607000000001e-07,-3.8618678000000006e-07,-2.02431583e-07
9b9ef6266643077a,test,PD,Void,Field PD,Field,20210605,-2.3777968321428572e-07,-2.3047813500000002e-07,-1.8003925e-07,-3.3998903e-07,-2.06805134e-07
2a633c9a0158d5fc,test,PD,Void,Field PD,Field,20210605,-2.1164102107142857e-07,-2.10658545e-07,-2.0004707e-07,-2.4586866000000003e-07,-2.01918647e-07
43b245550a9410d4,test,PD,Void,Field PD,Field,20210605,-2.0448792750000003e-07,-2.0408061e-07,-1.9104007000000004e-07,-2.1742056000000002e-07,-2.00776865e-07
21ad5d1589f0c279,test,PD,Void,Field PD,Field,20210605,-2.0094097142857143e-07,-2.02625445e-07,-1.6750149e-07,-2.0714517999999998e-07,-1.98542411e-07
54384379676245aa,test,PD,Void,Field PD,Field,20210605,-2.0358537892857146e-07,-2.0477836999999997e-07,-1.8797886000000001e-07,-2.102218e-07,-1.99631064e-07
42e927a2b2ce40e8,val,PD,Void,Field PD,Field,20220226,-2.3338375571428574e-07,-2.1101278499999997e-07,-1.7218119999999996e-07,-4.2579659999999996e-07,-1.8698434900000002e-07
2c7837f4706c2176,val,PD,Void,Field PD,Field,20220226,-2.864176678571428e-07,-2.6905679000000006e-07,-1.7802222e-07,-4.7668438999999994e-07,-1.98597421e-07
09abe9f494c606f9,val,PD,Void,Field PD,Field,20220226,-2.2272419821428568e-07,-2.11746725e-07,-1.7522860000000002e-07,-3.2972204e-07,-2.0144008099999999e-07
f4befa76d1f20eb0,val,PD,Void,Field PD,Field,20220226,-3.331437082142857e-07,-3.2153216499999996e-07,-1.8667696999999994e-07,-5.2195964e-07,-2.52067475e-07
2782f7401c6baf8d,val,PD,Void,Field PD,Field,20220226,-2.8620308928571426e-07,-2.7495516e-07,-1.7769333e-07,-4.5726238000000006e-07,-2.02223149e-07
46f1d1c7e24eec74,val,PD,Void,Field PD,Field,20220226,-2.5496510535714286e-07,-2.4069354499999996e-07,-1.8222587e-07,-3.85606e-07,-2.04071556e-07
9c7e0aeb0dbb858f,val,PD,Void,Field PD,Field,20220226,-2.575775771428572e-07,-2.46854745e-07,-1.7488909999999996e-07,-4.1811764999999993e-07,-1.9784041999999997e-07
dcb3b492f2e39bbe,val,PD,Void,Field PD,Field,20220226,-2.4493551999999997e-07,-2.2048003e-07,-1.620825e-07,-4.55843e-07,-1.9209773300000001e-07
51adb0bcef267cc4,val,PD,Void,Field PD,Field,20220226,-3.1748083357142856e-07,-3.2334491999999994e-07,-2.1199682999999998e-07,-4.6238397999999997e-07,-2.4338799e-07
84c75c8b387f8c94,val,PD,Void,Field PD,Field,20220226,-2.768595942857143e-07,-2.642407250000001e-07,-2.0841952999999995e-07,-4.1214755000000005e-07,-2.3144135100000002e-07
d37e9a5a7ed7b92d,val,PD,Void,Field PD,Field,20220226,-2.789159135714286e-07,-2.7667860999999995e-07,-1.7634079e-07,-4.1711996999999996e-07,-2.11911926e-07
b2ee4fb11be73a61,val,PD,Void,Field PD,Field,20220226,-2.8669402285714293e-07,-2.6902138000000004e-07,-2.1913346999999997e-07,-3.6705960000000004e-07,-2.39630377e-07
6f3dbb5b624eaf3f,val,PD,Void,Field PD,Field,20220226,-2.5215066678571425e-07,-2.2765863e-07,-1.8035700000000003e-07,-3.7927997000000004e-07,-2.0130378100000001e-07
85605dbf5a0b47a5,val,PD,Void,Field PD,Field,20220226,-2.283095142857143e-07,-2.2312567e-07,-1.7752530000000003e-07,-3.0859871e-07,-1.90734369e-07
1e1b2d071b080497,val,PD,Void,Field PD,Field,20220226,-2.227252382142857e-07,-2.1883685500000005e-07,-1.6837807000000002e-07,-3.0904228000000003e-07,-1.8513473e-07
b1300678d2b572df,val,PD,Void,Field PD,Field,20220226,-2.6018394999999997e-07,-2.3570070000000005e-07,-1.8943032000000002e-07,-4.2316105e-07,-2.0254134e-07
11afe6c61a14d980,val,PD,Void,Field PD,Field,20220226,-2.8976697249999996e-07,-2.9054523500000004e-07,-1.8018289999999995e-07,-4.7475955e-07,-2.11059725e-07
875a62d95bd5e1f9,val,PD,Void,Field PD,Field,20220226,-2.4398909607142855e-07,-2.2404514499999996e-07,-1.7736908e-07,-3.5834605e-07,-1.9009042399999995e-07
968f8966748ff9ee,val,PD,Void,Field PD,Field,20220226,-2.3542587499999998e-07,-2.29189485e-07,-1.7530379999999996e-07,-3.5645912000000004e-07,-1.97076857e-07
727bef28cde5c05d,val,PD,Void,Field PD,Field,20220226,-2.6368882107142855e-07,-2.4637354e-07,-1.8203013e-07,-5.591165399999999e-07,-1.98120786e-07
85e77b4bee113997,val,PD,Void,Field PD,Field,20220226,-2.2778553821428572e-07,-2.1630964500000002e-07,-1.7027699999999998e-07,-3.1884143999999994e-07,-1.8844915000000004e-07
adad4d861a993daf,val,PD,Void,Field PD,Field,20220226,-2.090648214285714e-07,-2.0254134e-07,-1.7580654999999996e-07,-2.6640592999999997e-07,-1.89141012e-07
a8ddc3f07a552064,val,PD,Void,Field PD,Field,20220226,-2.0783760392857144e-07,-2.0851642499999997e-07,-1.9649116e-07,-2.2242030000000003e-07,-2.0197993999999998e-07
6c08443ad8be20ca,val,PD,Void,Field PD,Field,20220226,-2.0914150107142857e-07,-2.02541625e-07,-1.9962201000000002e-07,-2.5121917000000006e-07,-2.01233383e-07
62c6c7f7062560c2,val,PD,Void,Field PD,Field,20220226,-2.116518989285714e-07,-2.0266651499999999e-07,-1.7671944e-07,-2.6885232e-07,-1.9457333799999999e-07
da77eb8c7b51c94f,val,PD,Void,Field PD,Field,20220226,-2.3014831107142854e-07,-2.3229178000000002e-07,-1.6493501999999998e-07,-2.7908959e-07,-1.9371832600000003e-07
ba2d684d114ff635,val,PD,Void,Field PD,Field,20220226,-2.1738064357142858e-07,-2.1657202999999997e-07,-1.6218699999999997e-07,-2.8398291e-07,-1.7982769000000003e-07
5ae38b07111ae995,test,PD,Void,Field PD,Field,20230930,-4.784793232142857e-07,-4.4395293e-07,-3.2716770000000006e-07,-7.527750999999999e-07,-3.47336699e-07
f7897c678ed714e4,test,PD,Void,Field PD,Field,20230930,-4.6521218321428573e-07,-4.6032312999999995e-07,-3.0952775000000004e-07,-5.980558800000001e-07,-3.83583168e-07
8f148e9c5b2b2234,test,PD,Void,Field PD,Field,20230930,-4.409208903571429e-07,-4.4257685000000004e-07,-3.0158617e-07,-6.461936700000001e-07,-3.5434969099999993e-07
4e235266804b0122,test,PD,Void,Field PD,Field,20230930,-4.685429546428572e-07,-4.768602250000001e-07,-2.9147186999999996e-07,-6.5497825e-07,-3.6678154499999995e-07
dd067f8c6f2c7e69,test,PD,Void,Field PD,Field,20230930,-4.739753735714286e-07,-4.80724245e-07,-3.4645573999999995e-07,-6.1495458e-07,-3.8395586e-07
21008b2081f01c87,test,PD,Void,Field PD,Field,20230930,-4.6870778821428567e-07,-4.7349819e-07,-3.2464004e-07,-5.9896696e-07,-3.8627263699999996e-07
13867283b37292d3,test,PD,Void,Field PD,Field,20230930,-3.9386992285714287e-07,-4.08310655e-07,-2.6171724e-07,-5.232312e-07,-2.7803059899999996e-07
15aedeff93d9a733,test,PD,Void,Field PD,Field,20230930,-4.264854575e-07,-4.3051990500000005e-07,-2.8700387e-07,-6.1160684e-07,-2.9973147399999994e-07
394729747bed9865,test,PD,Void,Field PD,Field,20231002,-3.114827432142857e-07,-2.7366953499999994e-07,-2.4241143999999994e-07,-5.3850806e-07,-2.5874306e-07
783e4af2e966d6dc,test,PD,Void,Field PD,Field,20231002,-3.662144996428572e-07,-3.7557136499999994e-07,-2.5433811999999994e-07,-4.964951e-07,-2.5916572699999997e-07
41bd15367f00bc95,val,PD,Void,Field PD,Field,20231005,-4.7665033964285717e-07,-5.1400031e-07,-1.9600853999999996e-07,-7.594703e-07,-2.70024909e-07
2d1a84fc1cfd4bed,val,PD,Void,Field PD,Field,20231005,-4.2663676642857134e-07,-4.10316505e-07,-3.0197827000000003e-07,-6.543741000000001e-07,-3.24790869e-07
23ecd44987d18264,val,PD,Void,Field PD,Field,20231006,-4.5950038464285716e-07,-4.8151546e-07,-2.70962e-07,-6.4682827e-07,-2.94743976e-07
79490986300a7ad4,val,PD,Void,Field PD,Field,20231006,-4.2922184785714287e-07,-4.51470185e-07,-2.6750762999999997e-07,-6.129494400000001e-07,-3.08564932e-07
6b2457394066ed66,val,PD,Void,Field PD,Field,20231006,-4.251529432142857e-07,-4.1125922e-07,-2.8528961e-07,-6.4701306e-07,-2.9273731399999996e-07
e2b498bb19e1712e,test,PD,Void,Field PD,Field,20231007,-3.231444646428572e-07,-2.68544615e-07,-2.5507025999999996e-07,-5.576395099999999e-07,-2.56703449e-07
93685eec067fba8f,test,PD,Void,Field PD,Field,20231007,-3.8603507928571435e-07,-3.742867e-07,-2.7758727e-07,-5.2978932e-07,-2.8965045399999996e-07
a9baa9397d8831f3,test,PD,Void,Field PD,Field,20231007,-3.626722717857143e-07,-3.1136087000000004e-07,-2.3859465e-07,-7.388824399999999e-07,-2.58305137e-07
cd89e86ab90f34f4,test,PD,Void,Field PD,Field,20231007,-2.787320432142857e-07,-2.6824094e-07,-2.3953505999999996e-07,-4.5589087999999995e-07,-2.5352824e-07
6ac6c760a22b2a15,test,PD,Void,Field PD,Field,20231007,-3.1132576428571423e-07,-3.0645665000000003e-07,-2.6105826e-07,-4.1686121e-07,-2.7491145e-07
1a291312b6136adb,test,PD,Void,Field PD,Field,20231007,-2.873687821428571e-07,-2.66316625e-07,-2.1494230000000002e-07,-4.4760377999999996e-07,-2.42532586e-07
9ac254fd1d974a7c,test,PD,Void,Field PD,Field,20231007,-3.1228598000000003e-07,-2.72572235e-07,-2.445284e-07,-5.071152e-07,-2.59489868e-07
99937e1509f4acf4,test,PD,Void,Field PD,Field,20231007,-2.8518210785714285e-07,-2.66444355e-07,-2.4973473e-07,-4.2365069999999996e-07,-2.5405132499999996e-07
eb0aedb0dffbc6f0,test,PD,Void,Field PD,Field,20231007,-2.9427856571428573e-07,-2.69065625e-07,-2.444670699999999e-07,-4.1946902000000003e-07,-2.50957693e-07
4ff1bcc0b36802b6,test,PD,Void,Field PD,Field,20231107,-2.279772632142857e-07,-2.1609876999999997e-07,-5.854553999999997e-08,-4.5598884999999995e-07,-9.088134200000003e-08
947555dfda46ab33,test,PD,Void,Field PD,Field,20231107,-1.7945759428571427e-07,-1.8141505000000004e-07,-3.9287299999999976e-08,-2.5394062e-07,-9.789972900000003e-08
ac5980075f643955,val,PD,Void,Field PD,Field,20240307,-1.8465925749999999e-06,-1.6190226000000001e-06,-6.623154e-07,-3.3846604e-06,-1.01923481e-06
bde67b70d7d73952,val,PD,Void,Field PD,Field,20240307,-6.756979932142856e-07,-6.806903000000001e-07,-3.7278750000000024e-07,-1.0327775000000002e-06,-4.9015287e-07
708a5073f1590ede,val,PD,Void,Field PD,Field,20240307,-1.010874879642857e-06,-9.3085948e-07,-5.604395999999999e-07,-1.6635591999999999e-06,-6.50470999e-07
49afec9a7a62a289,val,PD,Void,Field PD,Field,20240307,-1.437531057142857e-06,-1.4393441499999998e-06,-6.179566999999999e-07,-2.2088027e-06,-8.1831424e-07
ca08479276caf989,val,PD,Void,Field PD,Field,20240307,-9.619753042857142e-07,-8.9909165e-07,-4.598031999999999e-07,-2.3398719e-06,-5.282638850000001e-07
313842cea6171794,val,PD,Void,Field PD,Field,20240307,-5.717137967857143e-07,-6.025918e-07,-2.0254134e-07,-1.4141513999999998e-06,-2.0254134e-07
dcfd93185206c114,val,PD,Void,Field PD,Field,20240308,-2.452902025e-07,-2.33646825e-07,-1.8356152e-07,-3.5447700000000006e-07,-2.0741378300000004e-07
d33c3b3d5f009285,val,PD,Void,Field PD,Field,20240308,-2.5688711785714286e-07,-2.5025943e-07,-1.991747e-07,-3.279325e-07,-2.17923497e-07
